Unloaded module: latex/TeXLive12
Loaded module: python3/3.6.2

Train: 0.09568794757012047 Validation: 0.6097578950353172


Train: 0.09021775477582365 Validation: 0.42132146233981527


Train: 0.10601076867573242 Validation: 0.3117742170144787


Train: 0.2712439005891376 Validation: 0.32082060396507744

