Unloaded module: latex/TeXLive12
Loaded module: python3/3.6.2

Train: 0.09080105739487657 Validation: 0.5183735537565307


Train: 0.0860525765837954 Validation: 0.32434470630438833


Train: 0.09386503065749367 Validation: 0.3072723940498304

