Unloaded module: latex/TeXLive12
Loaded module: python3/3.6.2

Train: 0.09575462688295333 Validation: 0.611189879999016


Train: 0.09161541531359631 Validation: 0.5049498224541503


Train: 0.09379132814509344 Validation: 0.35318725702638737


Train: 0.22706327241755725 Validation: 0.30783519340860827

