Unloaded module: latex/TeXLive12
Loaded module: python3/3.6.2

Train: 0.07634683951349354 Validation: 0.6094370140497762


Train: 0.0762948449080445 Validation: 0.42059547878260806


Train: 0.07706280574819227 Validation: 0.3128235058045084

