Unloaded module: latex/TeXLive12
Loaded module: python3/3.6.2

Train: 0.07634788093552687 Validation: 0.6109746340484846


Train: 0.07629221657858894 Validation: 0.5033218368280236


Train: 0.07643730203072985 Validation: 0.3536894891780962


Train: 0.10654699294701793 Validation: 0.2863987790545248

