Unloaded module: latex/TeXLive12
Loaded module: python3/3.6.0

Train: 0.34162399550301403 Validation: 0.6392405882872574


Train: 0.24322232067340563 Validation: 0.4299231114954786


Train: 0.2230747639808753 Validation: 0.3646227529178373

