Unloaded module: latex/TeXLive12
Loaded module: python3/3.6.2

Train: 0.3433035096258103 Validation: 0.6423791924078085


Train: 0.26548166665940465 Validation: 0.45420389293382657


Train: 0.248633198945593 Validation: 0.33689113117931907

