Unloaded module: latex/TeXLive12
Loaded module: python3/3.6.2

Train: 0.34369330201874204 Validation: 0.6432592620994025


Train: 0.3015291969414056 Validation: 0.5435292892799881


Train: 0.2429649587480433 Validation: 0.3770086758281216

