Unloaded module: latex/TeXLive12
Loaded module: python3/3.6.2

Sigma: 6.0 Train: 0.11915760045282446 Validation: 0.28654095461264484


Sigma: 11.0 Train: 0.17935075905852646 Validation: 0.2940670367860576


Sigma: 8.5 Train: 0.15067437454328494 Validation: 0.28929582304490453

