Unloaded module: latex/TeXLive12
Loaded module: python3/3.6.2

Lambda: 1.01 Validation: 0.2980247686768851


Lambda: 2.01 Validation: 0.31351632500263865


Lambda: 1.5099999999999998 Validation: 0.3063830772993496

